13910
15608
788053
925876
1335948
1570899
2016695
2325486
3093944
3303173
3794807
4020843
5205219
5281557
5367561
5885200
6442376
6528565
6693724
7217693
7232982
7495738
7557342
7634998
7760413
7993578
8114613
8169663
8410878
8668915
8866003
9042362
9149455
9252747
10111473
10569960
10603484
11026808
11130565
11246790
11375841
11405812
11475302
11788281
11883937
13372254
13758784
14181546
14188158
14240418
14721414
14740227
14921668
15083876
15476980
15826507
15973031
16419775
16500948
16695668
17229209
17919821
18924490
32458950
34266884
34762436
34874933
35923142
36214950
37124200
38273451
38368006
38846782
39472152
40494653
42994830
44479838
44700038
44714328
45027395
45410551
45647335
46313743
46685566
46865816
47087759
48024009
48327989
48485025
49131510
49423985
49455485
49929786
50031061
50294365
50490897
50580328
50706128
50860607
50978380
51223404
51287713
51938566
52340186
52650125
52801065
53180349
53325094
53440520
53570066
53871822
54435770
54582959
55195416
57202603
57759485
58730415
59181439
60256541
60318684
62621872
62793009
63525399
64057254
64093942
64109381
64161187
65321466
65789764
66641286
66779140
66874564
67145447
68161817
68557228
68884487
68995337
69516387
69688591
70077464
70304818
70963500
71216961
71472191
71541430
71545379
71655697
72944332
73066449
74081950
75900097
75953299
77070375
77332328
77674642
81277067
81538900
82340426
85820732
88128558
88682677
89560079
89901083
90164851
90381667
90874517
90982644
91074830
91644802
91838308
92204167
92902969
93101653
94416012
94490318
94919641
96705423
97252896
97608094
99732457
99789928
100640881
100855424
101949309
102141371
103151543
103329792
103515915
103517688
103735847
103903519
104091483
104245505
104466949
104571719
104785483
105068682
105548940
106197191
106203058
106433618
106681006
107468057
107873483
107984549
108296072
108815592
108831142
109042815
110688411
111982292
112250990
113201838
113414533
113936176
114980070
136580279
138533529
139011576
139033602
139441775
140056508
141093690
141860793
141874848
142021998
142179113
142638628
143721075
143756600
143925968
144013217
144122016
144162798
144369280
144479702
145031988
145422013
145659249
145902969
146223595
146406196
146654225
147278607
147538945
147824008
147979918
148031586
148231113
148570458
148740297
149106502
149207882
149458103
149880183
149917768
150124956
150455135
150455927
150620741
150685227
150882015
150955881
150979730
151152533
151235132
151377166
151440319
151551142
151741204
152033038
152090982
152216119
152353360
152430471
152742405
152815678
153089287
153199932
153434411
153878948
154367477
154416102
155153023
155259224
155395518
155409113
155434963
156506032
156995191
157268811
157622042
157678575
158479386
158602286
159536519
159607271
160014191
160687727
161020436
161118157
161328969
161368344
161574290
161776679
161919061
162167180
162205717
162252983
162375624
163165517
163615348
163615597
163918459
163959442
164062057
164759475
164804598
164817890
164987869
165112228
165249542
165614549
165962092
166316622
166461561
167190712
169977008
170792515
171132924
172684401
172984819
173448694
173813966
174790298
175518635
176030054
176185445
176506756
176837482
176861790
176875981
176980985
177219449
177228934
177890603
178291055
179534253
179551137
179683625
180114562
180397586
181156129
181174844
181420083
181841340
182491776
183286741
183340750
184002250
184273983
184850196
184850886
185823143
185931801
186181601
186632075
187025035
187605709
188444303
192402653
192439803
193086748
193196681
193275785
193622253
194641751
195408402
195793810
195932038
196871580
197491773
199995974
200264659
201052478
201069633
201094730
203310293
204255415
206056371
207736979
207923752
208094527
208399028
211683471
212370566
212432723
214567700
226414604
226481961
226693853
227982825
230861246
231320193
231918191
233394918
234820190
234988062
235448657
235450404
235886741
237694846
237891845
238135585
238682735
238973970
239062257
239168049
239429911
239677110
239818477
240001781
241006448
241012870
241655753
241758369
241878720
243098816
243345787
243387978
243516510
245482413
246245354
246422041
246508755
246527870
246697948
246846983
247948070
248104194
248742286
249191360
249712049
250526716
251103917
251821413
252688911
252709713
253080225
253098054
253526430
254134464
254387734
254588625
254768767
255045631
255517483
255633597
255828648
256658745
256670712
256949715
256962736
257978744
258746366
258864024
272188222
273236809
274058872
274279321
274754243
277888633
278453497
278483828
278798527
279357593
280755148
280901841
280962110
281700667
281909900
282045176
282085450
282172010
282493675
282545224
282561634
282828577
282953717
283321826
283408579
283791648
283929738
284883174
285416910
285572090
285582417
286157220
286230269
286255930
286392098
286562816
287230376
287330765
287539362
287543058
287588896
287842963
287849635
287881936
288339500
288410270
288503544
289120036
289124981
289422988
289991234
290233282
290323397
290426045
290522894
290527513
290654337
290842517
290852180
291013512
291047476
291709933
291734211
291813304
292194829
292259162
292806088
293028931
294125827
294155777
294284222
294479390
294544599
294782688
294982004
295060656
296012473
296027767
296488247
296521278
296764738
297032025
297221126
297362264
297371220
297723490
298093966
298598990
298983309
299070617
299229790
299446730
299692208
299891944
300046807
300422493
301773476
301982196
303266276
303274182
303492631
304829016
304964591
305058637
305200369
305270910
305577664
305689460
305934925
306717968
307657449
307949704
308080931
308585923
309030584
309193188
309193444
309197231
309473098
309581766
309661514
309763919
309839689
309920189
310568233
310633346
310971269
311078107
311196735
311375696
311618525
312032334
312874568
313351391
313503601
314658829
315393773
315658936
315692283
315766356
315847615
317278816
317964909
318260769
318518006
318867390
319104665
320201725
320367817
320770762
320902189
321598060
321867633
322448290
322691731
323209640
323245058
323366990
323930166
324050323
324364343
324364618
326046834
327113292
328049849
328228064
328945465
328967782
330001324
330344134
330458953
330582852
331011943
331195855
331316152
331661668
332123609
332492230
332548486
332569908
332881031
333115224
333174474
333264564
333467639
334205930
334409476
334685832
334824643
334856397
334998012
335030269
335108185
335114365
335136502
335227540
335543321
335600905
336060646
336211711
336277864
336411371
336432724
336447266
336523420
336640554
336657557
336856155
337126737
337172147
337539855
337722797
337885046
338035842
338037285
338423504
338555842
338719939
339013884
339222998
339365910
339551912
339813162
339937987
340471455
340519012
340668659
340784477
341055254
341402062
341717050
342276386
342474741
343221452
343928754
343979948
344486772
344688829
344749155
344973693
345027304
345082676
345105380
345167011
345189761
345410714
345635829
345800873
346054552
346288663
346537513
347987886
348351359
349512524
349984343
350230533
350929713
351270825
352018987
352925791
353241817
353865482
354048540
355934303
357449754
357568094
357882806
358115067
359340841
359972421
360105233
360373634
361431142
362032151
362151860
362671808
363353730
363944017
364850363
365093585
365909517
368146270
368668758
368670171
369863572
370177537
371015627
385132395
386800397
387259186
395788904
395867057
396207125
396699842
397932266
398132421
398994480
399087644
399107279
399323565
399555198
399887097
400100048
400225195
400613373
400693619
400995321
401067814
401073994
401822290
402111676
402679427
402991449
403201027
403255632
403348172
403441367
404032279
404050015
404100105
404207609
404739167
404913046
405112182
405114229
405549073
405592186
405718143
407993132
408145666
408224248
408656249
408756657
410246085
410473752
410568057
410790258
411271750
411341886
411465117
411651962
412932662
413532653
414304283
416613022
417026007
417341234
417447345
418293542
419540610
420181864
420242413
423011237
423483370
423507937
424483316
425487512
425514936
426244515
426697276
426730177
426772096
427463222
427833685
428037233
428080982
428117454
428832794
428842833
429099439
429295503
429314567
429869258
429960659
430177002
430261842
430488348
430533365
430728261
431031924
431087534
431137441
431267310
431358274
431483541
432088054
432757151
432947156
433539721
433662230
434270400
434367061
434491563
434573369
434590553
434630432
434848040
434990960
434999201
435444945
435654172
435773818
435880025
435934749
436025296
436837992
437055658
437185883
437866896
438020516
438101207
438216854
438358039
438844960
438965729
439077005
439078321
439253243
439383722
439435651
439469521
439516090
439622014
439987717
440022042
440049974
440150490
440514405
440868463
440900729
440962237
441411108
441414518
441595871
442067823
442127786
442136978
442238136
442291542
442881965
443521862
443655077
443817028
443911286
444121507
444647739
444817635
445254041
445505535
446928760
447010239
447663238
447884880
448004284
448256349
448314980
448653548
448677040
448724320
448740145
448981267
449314502
449425551
449595390
450076184
450103060
450159263
450356922
450675691
451020410
451111740
451373891
451436970
451558153
453304212
453460059
453813717
454325354
454363110
455487965
455614983
455870206
455915657
456570314
456761483
456787157
456843486
456931505
457678879
457742196
457816976
458789337
458811538
458832468
458898651
458931612
459264553
459416484
459739496
460015901
460237565
460808319
460824173
461672531
461989093
462077836
462225506
462229362
462387250
462487271
462601639
462799621
463329540
463404404
463995390
464012791
464045271
464102084
464239596
465156517
465575324
465993069
466492676
466606208
466847589
466880424
467470359
468096876
468159901
468437278
468823987
469680702
470058280
470475817
471292212
471427131
471715717
471963121
472219885
472299629
472463644
472603761
472969259
472975606
472992136
473141077
473196731
473566492
473701536
474054025
474131484
474277990
474755145
475587676
475668129
475860562
476539376
476578689
476617753
476854643
476895765
477732440
478005527
478048995
478729967
478907810
480476383
480662670
480785273
480855215
481489187
481857985
482400221
482808143
483362485
483537453
484059372
484072523
484846875
485804058
485838606
486024485
486881220
487033614
487061771
487404138
487460687
487714024
487892718
488057544
489433059
489587857
489921763
490112680
490491432
490671971
490946684
491471317
491886294
492679299
492844220
492855238
494761767
494851332
495688174
495764474
496347429
496582500
496940702
497007911
497397016
497583505
497768069
497943305
498351987
498395183
498522320
498680899
498882900
499332135
499794144
499907677
500731240
500880758
501777271
501835364
501925717
510869970
512619451
513098807
513553535
513879759
514205502
514623772
514727372
515117140
515119778
515305028
515604672
516251548
516681559
516705464
517085503
517760880
518154444
518247296
519308469
519420401
519654102
520414558
520698693
520724211
520970046
521409312
521885849
521930767
522150703
522160381
522162772
522414691
522443124
522603654
522738454
522782463
522789548
522843330
522918496
522986742
523205914
523422372
523529206
523703219
523957330
524462617
524501952
524530937
525188345
525701490
525877424
525957825
526051291
526115330
526500710
526500833
526680016
526853521
527514970
527629155
527921408
528266055
528344156
528682501
528995046
529055392
529061601
529341675
529480774
529976130
530598571
530648123
530672111
530815291
530885152
531017085
531325002
531492350
531618140
531735629
531796330
531844879
532047755
532379443
532647795
532676894
532743116
533225946
533714369
533773697
533894349
533948058
533959366
533963497
534312420
534433111
534683968
535031533
535226307
535583617
535650861
535651041
535735771
536039968
536330083
536379281
536411031
536802155
536831954
536892813
537301864
537724237
538198400
538269639
538569530
539155807
539452850
539512493
539847601
540044604
540109376
540648616
540935533
541363083
542650842
542987257
543392656
543638294
544302377
544803998
544999046
545658578
545739953
546006346
546863261
547417689
547452833
548103011
549147945
563079747
564468979
565397986
566354234
566758146
567314364
567955483
568889989
569060409
569499054
571245970
571816929
571870848
572044907
572064077
572970785
573252531
574334138
574860779
574869798
574990232
575471248
576247956
577361838
577968066
578356974
578580746
578619185
579252733
579491957
579619518
579698131
587882770
592545091
592689509
593054939
593117579
593360398
593579109
596053809
596442770
597175415
597658953
598906317
598996648
599236483
599807700
600312681
600958594
601250733
601274040
601926908
602579025
602602557
602951993
603050462
604705900
605155344
605171393
605180829
605216215
605917779
608669688
609170626
609518119
609812137
610471862
611037178
611085312
611858930
611956028
612586713
612653838
613702374
613912078
624598145
624708859
626088837
636273309
637300026
638880266
640679081
640929508
641635852
641871940
643018086
643543670
644058569
647259199
647905622
648461196
648956482
651917913
653336823
653478507
653607980
655983166
656242356
660179960
660219053
661162815
661301474
661892610
663450862
711018741
712655330
713986418
716194259
716490215
717571679
719345858
719435532
719501532
720288869
721435789
721952313
722101209
722438572
723702510
723868299
724362545
725326285
725427700
726051229
727025011
728429036
728984858
729564463
733972256
735381656
737284068
738125148
738819181
739602902
741193432
742863945
742942456
743450927
744701669
744946145
745070341
745329407
745529014
745985876
746578284
746723759
746903151
747268687
748555213
748728896
749303444
750060795
750290684
750340483
751106657
751644180
752124289
752443397
753066183
753196440
753305002
754498754
754640897
755219926
755688780
755885809
756138849
756214040
756254405
756880493
756935160
758027630
758311071
758359227
758796691
759266483
760536147
760827798
762096995
762379815
762532517
762847012
763881406
764288375
766787487
767747403
768859132
770306319
772035998
773285858
773658851
775040931
775760139
776364505
777487218
778015294
779333873
779432033
779711889
780546564
780762332
780771598
781280517
781406146
781813111
781946741
784081714
784270636
784543390
784566165
785337721
785501823
785654420
786815110
787013144
787082203
788343034
788884927
789000868
789001455
789852021
790123437
790870576
791242464
791582709
791644533
791672546
791895518
792029048
793098733
794000127
794073971
794222606
794340037
795289563
795603332
795609552
796129394
797720267
798304944
798709256
802946303
804802607
806067262
806380357
806712912
806780250
838828943
840810541
841109083
842915840
844617649
846224939
846316727
851511669
852675642
852838971
854125246
855628410
856296706
856895212
858363293
858900006
860195465
860616554
861526076
861656554
861737736
901119621
901206096
901244581
901419620
902207000
903046755
904188828
904924358
905219858
905718787
906572642
906793186
907843924
908604027
908874771
910178065
910888991
911378420
912026062
912264547
912416819
912448224
912515892
913059069
913914133
914578252
915500029
923075872
923734724
924185377
925241051
926886095
927599561
928468448
928582417
929749648
931906803
932321869
932887256
932930694
933178013
934047305
934830909
934912307
935136787
935869540
936959348
937838481
939607211
940195588
940317578
963557036
964276847
985275636
985523341
985835568
987611196
991430511
991587574
991587619
991694066
992194837
992272632
992767926
992950595
993474642
994488400
995102055
996051475
997301753
997990537
999551905
999838851
1001511985
1002519455
1002626044
1004765496
1004777891
1052246844
1053101852
1055499465
1055980945
1057082036
1057129653
1060650627
1061149137
1061333322
1063615974
1063945215
1063989316
1065729624
1066958046
1067151964
1067277785
1067627545
1068218500
1070160993
1070774251
1071436463
1072206060
1072352591
1073164655
1073337868
1073355542
1073710068
1073743880
1074381497
1074920718
1075238546
1075291329
1075497567
1075531644
1075758247
1075825572
1075914179
1075993743
1076292298
1076346026
1076442899
1076897511
1077214446
1077511729
1079180236
1079213709
1080936201
1082656275
1083534990
1083550411
1083718480
1084071624
1084894299
1084991083
1085057184
1086164529
1086375698
1086592485
1089086369
1089511419
1089540765
1090314606
1090683988
1090712774
1091169447
1091707445
1092058076
1093874888
1094264102
1094679353
1094710289
1095392050
1096563734
1096753259
1098532935
1100872944
1101374637
1102331972
1123456725
1123524127
1123910782
1124554909
1125247605
1126228849
1126510625
1126737090
1127875483
1128294932
1129568231
1129966732
1130909306
1134322483
1135090870
1135934032
1136063606
1156084965
1157501737
1157571400
1157706158
1159111401
1162291833
1163000711
1164663238
1165330325
1166912131
1167085809
1167097786
1167449114
1167580388
1167878476
1169234136
1169636464
1170299026
1170454934
1170882493
1170935896
1171074167
1171330404
1172007455
1172020243
1172664550
1172858815
1173606430
1175223176
1175301791
1176837156
1178377771
1179542986
1180162925
1180167271
1180436645
1180807546
1181104172
1181255862
1181555623
1182220764
1182250597
1183079128
1183163419
1183693530
1184033345
1184732318
1185729230
1186735067
1187284313
1187368242
1189604807
1189790027
1190860769
1192230995
1193965469
1195597990
1195758395
1198241856
1198961669
1199230242
1200126422
1203321909
1203891248
1204738407
1204860512
1206160441
1206185683
1206696426
1207000475
1208227704
1208262076
1208582951
1209165389
1209519764
1210196642
1210446039
1210558444
1210625195
1210936460
1210985843
1211033353
1211759537
1212111202
1212247077
1212257964
1214030439
1224458425
1224921448
1226934561
1230963296
1231212067
1231551151
1233021702
1235601956
1239225376
1240303464
1242737242
1244709730
1246102034
1246434249
1246556854
1247029129
1247839490
1247893470
1248158152
1248296696
1248905445
1249008239
1249119134
1249171302
1249182348
1249969898
1250109414
1250647147
1250857419
1250892100
1251596055
1251830375
1254700164
1254866873
1254919928
1255532873
1255616240
1255823413
1256030505
1256537111
1256795498
1257572465
1257990076
1258379288
1258426159
1259351354
1259898239
1260093705
1263552151
1264210567
1265174417
1265342025
1265389607
1272779637
1275104177
1278590770
1279192661
1280333590
1282423836
1283292567
1284657758
1285560355
1285755537
1288404567
1288646542
1289575502
1365898436
1366237936
1366667094
1367499295
1367575480
1369129820
1369254903
1370785905
1371955963
1372822632
1372915233
1373276689
1373341045
1374457608
1374862964
1375156142
1375162801
1375897942
1376360438
1377538908
1377558137
1377793915
1377799341
1378153796
1379534026
1379594106
1381197345
1381650066
1381897901
1382383482
1383914902
1386692457
1387608523
1388380359
1388510829
1388595119
1388619525
1388902635
1388926976
1393478261
1393629918
1393989395
1394592728
1395426921
1395761556
1396710302
1396945825
1397131501
1406631289
1406914320
1408236933
1408262997
1408265139
1411883895
1413643254
1413851936
1415054356
1415335086
1415340498
1415435015
1415638627
1416196894
1416289528
1417029644
1417694490
1419270127
1419556244
1419694960
1421719857
1421745297
1422439611
1423993385
1424499049
1424801725
1434341628
1434855126
1435608325
1435706800
1436132988
1436834668
1437772765
1455754227
1455831863
1456327123
1456735296
1457674020
1457698001
1457768427
1459149656
1460532414
1462607690
1463460061
1463990652
1464828941
1464884845
1465058499
1466234310
1466493523
1466581627
1466805208
1466870799
1467645848
1467702506
1470707534
1471917433
1472243171
1472478794
1472831715
1474976855
1475656936
1476508935
1476653083
1477447549
1477721600
1478326627
1478724323
1479349327
1479476107
1500793743
1501668647
1501750771
1501932713
1502313000
1504630866
1506050768
1506224187
1508712169
1508899501
1508947762
1510463851
1522450481
1523430989
1525412915
1526038799
1526423964
1526739561
1526860361
1527318288
1527960668
1528780209
1529105565
1529406699
1529487607
1529949207
1530160972
1530298843
1530365190
1530749961
1531178835
1532046206
1533037053
1534059612
1534116574
1534747040
1535028686
1535401545
1535643498
1536285967
1536517939
1536960471
1537368069
1537410332
1537813788
1538139840
1538556346
1538953418
1539878841
1539887315
1540359008
1540864541
1541595426
1543364836
1546043065
1546257894
1546333617
1548074077
1548232392
1549196279
1549879147
1550389153
1550487309
1550517698
1550786935
1552879519
1552972176
1553238075
1553591417
1554001151
1554322625
1555100702
1555458111
1556107105
1556113829
1557086589
1557224543
1557930797
1557957756
1558398960
1559127946
1559162804
1559302805
1559652393
1560413402
1560641298
1562002677
1562460908
1563222966
1563333922
1563998783
1564011521
1566103827
1568348611
1569167038
1569211482
1619378275
1619569179
1621412473
1622742074
1622761961
1622837529
1623048614
1624390768
1627039651
1632270429
1633831651
1633909640
1634464557
1634539196
1635038693
1635426900
1636058759
1636332747
1636832040
1638405567
1639478507
1640384634
1640730867
1641148145
1643013555
1645041508
1645067831
1645558951
1645706858
1645995232
1646688359
1647060549
1647725235
1648818755
1649485276
1651475406
1652506185
1652521246
1653858611
1654197305
1656149849
1656593099
1657018990
1657723598
1660719030
1661022850
1661537342
1661899179
1661951313
1662235045
1662259798
1665248207
1665418823
1665734991
1665914263
1667443991
1784937955
1785045531
1785352296
1785475406
1786349358
1787442222
1789095318
1789107169
1790071500
1790941871
1790947416
1791787697
1792552449
1793020407
1793767495
1793929252
1795065069
1795951541
1796242976
1796441559
1796790916
1796810740
1797395040
1798284335
1798606640
1798892554
1799111296
1800479753
1800683538
1800938836
1801008500
1801508937
1802881330
1803225569
1803757674
1804379523
1804389285
1804564143
1805916144
1806118597
1806310668
1806514570
1806832684
1807074550
1807189826
1807489617
1808010895
1808974351
1809018597
1809031834
1809390823
1809508336
1809785277
1811112427
1813544137
1815670395
1815941146
1815950481
1816442168
1821532380
1823666202
1824023300
1824925786
1826468885
1826911101
1826932738
1826943535
1828167840
1829350655
1829686328
1830407224
1830917935
1831909830
1831964526
1832425369
1832604695
1834443273
1834449680
1844085882
1844727522
1845433596
1845707294
1847835760
1848933067
1849039177
1849887967
1850757959
1850774547
1851965635
1854490991
2129431981
2130464681
2130497534
2130879508
2132190045
2276722330
2277130939
2277470967
2278023244
2278204225
2283143128
2284207760
2284339146
2285047536
2286632270
2300544475
2301590762
2302511230
2303248505
2303466455
2304091727
2304637320
2305790086
2306138821
2308616627
2330543428
2334067505
2336772461
2339004734
2339182557
2339693325
2343114676
2343545508
2344735266
2346273201
2389243465
2389801097
2389996818
2393905424
2395139869
2395785134
2395821715
2405722970
2406449333
2406645412
2406964737
2408020918
2408283760
2410034037
2410707243
2411966991
2412544891
2412860776
2413369513
2413402393
2472352014
2472659526
2472767977
2474019110
2475171624
2475295764
2476860833
2477260790
2478241777
2479351025
2490521344
2491094029
2491134549
2492529812
2492628304
2492722014
2493698105
2495170338
2495217412
2495920962
2495957521
2496125353
2496563565
2496637313
2497518884
2497865603
2498041183
2498209935
2498328881
2499235512
2502170796
2505112842
2505836743
2506543761
2508017805
2508349892
2508895941
2511394317
2511716642
2513009568
2513561811
2515208534
2519768583
2520215822
2521910688
2559097039
2559386224
2560517088
2561308609
2561885277
2562358460
2562792935
2563555949
2564725359
2565541763
2567475967
2571504074
2572282408
2573120380
2573227094
2573266994
2573676106
2574401079
2574462670
2574693872
2575427205
2575886669
2773788073
2774003809
2774396136
2774783251
2774827267
2775931214
2775967770
2777623930
2778546414
2779631156
2779914547
2780927318
2781004680
2783457013
2784538358
2784899109
2787897920
2790239531
2829075380
2830707512
2831240521
2833346510
2833439541
2834775726
2835606324
2836977991
2837879796
2839101666
2839584879
2840211493
2843124527
2843477110
2843827308
2844858230
2845174800
2845334781
2845640121
2846137911
2848518787
2851410518
2853714406
2853734101
2854533851
2855292806
2856720136
2865927716
2869522483
2869814191
2870143332
2871334973
2871725769
2872448856
3004698537
3004965510
3005674043
3008205354
3009182474
3012469761
3012997311
3013223907
3013709677
3013809359
3014700183
3014948996
3016758203
3017876697
3018449366
3019820195
3021513464
3021848825
3022323720
3023776887
3024019893
3025377808
3025581597
3025645914
3025755974
3026390743
3028649998
3029164405
3030350964
3030398226
3031219668
3031470202
3031715254
3032606794
3035285202
3037829889
3038270098
3038281619
3039007636
3040606877
3040640455
3040761515
3041348809
3041579160
3042659741
3049073911
3049335500
3051619472
3054192910
3055105698
3055640653
3056981007
3057971205
3058008883
3060969803
3061335527
3061707016
3062327442
3063519200
3064913513
3069504048
3070775186
3073814878
3076623486
3077062362
3077141311
3079686515
3079773652
3080858755
3081099806
3081471473
3083165898
3083223236
3083631498
3084176414
3084531285
3085313227
3087505786
3088034848
3089219677
3089708509
3090007264
3090128887
3091867245
3098629265
3098798219
3100113212
3101646344
3102379030
3105750436
3106669893
3106813103
3108822359
3117058558
3119141701
3119762154
3182449047
3183956092
3184937051
3184982452
3185927805
3190784475
3191142887
3193385580
3194256678
3200958854
3205281390
3207507466
3208485923
3208729709
3210405048
3211020723
3211576369
3212052992
3213861872
3214902920
3215942816
3215963306
3216208030
3217581736
3218388808
3218994050
3219057298
3222918170
3223313787
3223315783
3224421186
3224875616
3228314103
3228522924
3228634254
3229306604
3229641076
3229666537
3231137940
3232308634
3236798315
3236826456
3240443156
