1001511985,281693,530
1002519455,281693,531
1002626044,281693,531
1004765496,281693,532
1004777891,281693,532
100640881,282919,51
100855424,283834,57
10111473,282733,7
101949309,284042,64
102141371,282919,52
103151543,284042,64
103329792,284042,64
103515915,282919,53
103517688,283834,59
103735847,284042,65
103903519,282919,53
104091483,284042,65
104245505,282919,53
104466949,284042,65
104571719,282919,53
104785483,284042,65
105068682,282919,53
1052246844,283283,524
1053101852,283283,524
105548940,282919,54
1055499465,283283,526
1055980945,283283,526
10569960,282842,6
1057082036,283283,526
1057129653,283283,527
10603484,282842,6
1060650627,283283,528
1061149137,283283,529
1061333322,283283,529
106197191,283834,60
106203058,284042,66
1063615974,283283,530
1063945215,283283,530
1063989316,283283,530
106433618,282919,54
1065729624,283283,531
106681006,284042,66
1066958046,282735,531
1067151964,283283,532
1067277785,283283,532
1067627545,282735,531
1068218500,283283,532
1070160993,282735,532
1070774251,283283,534
1071436463,282735,533
1072206060,283308,553
1072352591,282735,534
1073164655,281693,569
1073337868,282735,534
1073355542,283308,554
1073710068,283308,554
1073743880,282735,534
1074381497,283308,554
107468057,284042,67
1074920718,281693,570
1075238546,281693,570
1075291329,283308,555
1075497567,283308,555
1075531644,283308,555
1075758247,283308,555
1075825572,283308,555
1075914179,282735,535
1075993743,283308,555
1076292298,282735,536
1076346026,282735,536
1076442899,281693,570
1076897511,283308,556
1077214446,282735,536
1077511729,282735,536
107873483,284042,67
1079180236,282735,537
1079213709,282735,537
107984549,284042,67
1080936201,283308,558
1082656275,282735,539
108296072,283834,62
1083534990,282735,539
1083550411,283308,559
1083718480,282735,540
1084071624,282735,540
1084894299,283308,560
1084991083,282735,540
1085057184,283308,560
1086164529,283308,561
1086375698,283308,561
1086592485,281693,576
108815592,284042,68
108831142,284042,68
1089086369,283283,544
1089511419,283308,563
1089540765,283283,544
1090314606,281693,578
109042815,284042,68
1090683988,283283,545
1090712774,283308,563
1091169447,283283,545
1091707445,283283,545
1092058076,281693,579
1093874888,283283,546
1094264102,283283,546
1094679353,281693,580
1094710289,283283,547
1095392050,281693,581
1096563734,281693,581
1096753259,281693,581
1098532935,281693,582
1100872944,281693,584
1101374637,281693,584
1102331972,281693,584
11026808,284036,7
110688411,284042,69
11130565,282733,7
111982292,283834,64
112250990,283834,64
1123456725,282735,561
1123524127,282735,561
1123910782,282735,561
1124554909,282735,561
11246790,282733,7
1125247605,282735,561
1126228849,282735,562
1126510625,282735,562
1126737090,282735,562
1127875483,282735,563
1128294932,282735,563
1129568231,282735,564
1129966732,282735,564
1130909306,282735,564
113201838,283834,64
113414533,284042,71
1134322483,282735,566
1135090870,282735,567
1135934032,282735,567
1136063606,282735,567
11375841,282733,7
113936176,284042,71
11405812,284036,7
11475302,282733,7
114980070,283834,65
1156084965,282735,578
1157501737,281976,657
1157571400,281976,657
1157706158,281976,657
1159111401,281976,658
1162291833,281976,660
1163000711,281976,660
1164663238,282092,769
1165330325,282092,769
1166912131,281976,662
1167085809,282092,770
1167097786,281976,662
1167449114,282092,770
1167580388,282092,770
1167878476,281976,663
1169234136,281976,664
1169636464,281976,664
1170299026,281976,664
1170454934,282092,772
1170882493,282092,772
1170935896,282092,772
1171074167,282092,772
1171330404,281976,665
1172007455,282092,773
1172020243,282092,773
1172664550,282092,773
1172858815,282092,773
1173606430,282092,774
1175223176,282092,774
1175301791,282092,774
1176837156,282092,775
1178377771,282092,776
11788281,281613,105
1179542986,282092,777
1180162925,282092,777
1180167271,282092,777
1180436645,282092,777
1180807546,282037,656
1181104172,282092,778
1181255862,282092,778
1181555623,282092,778
1182220764,282037,657
1182250597,282092,778
1183079128,281976,672
1183163419,282037,657
1183693530,282037,657
1184033345,282037,658
1184732318,282037,658
1185729230,282092,780
1186735067,282037,659
1187284313,282037,659
1187368242,282092,781
11883937,282733,8
1189604807,282037,661
1189790027,282037,661
1190860769,282037,661
1192230995,282037,662
1193965469,282037,663
1195597990,282037,664
1195758395,282037,664
1198241856,282037,665
1198961669,282037,665
1199230242,282037,666
1200126422,282037,666
1203321909,282037,668
1203891248,282037,668
1204738407,282735,604
1204860512,282735,604
1206160441,282037,669
1206185683,282735,605
1206696426,282037,669
1207000475,282735,605
1208227704,282037,670
1208262076,282735,606
1208582951,282735,606
1209165389,282735,606
1209519764,282735,607
1210196642,282037,671
1210446039,282735,607
1210558444,282037,671
1210625195,282735,607
1210936460,282735,607
1210985843,282735,607
1211033353,281693,640
1211759537,282037,672
1212111202,282037,672
1212247077,282037,672
1212257964,282037,672
1214030439,282037,673
1224458425,281797,799
1224921448,281797,799
1226934561,282735,616
1230963296,282735,619
1231212067,282735,619
1231551151,282735,619
1233021702,282735,620
1235601956,282735,621
1239225376,282735,623
1240303464,282735,624
1242737242,282735,625
1244709730,282735,626
1246102034,282735,627
1246434249,281693,657
1246556854,281693,657
1247029129,281693,658
1247839490,282735,628
1247893470,281797,811
1248158152,281797,811
1248296696,281693,658
1248905445,281797,811
1249008239,282735,629
1249119134,282735,629
1249171302,281693,659
1249182348,282735,629
1249969898,281797,812
1250109414,282735,629
1250647147,281797,812
1250857419,282735,630
1250892100,281693,660
1251596055,281693,660
1251830375,281797,813
1254700164,282735,632
1254866873,281797,814
1254919928,282735,632
1255532873,281797,815
1255616240,281797,815
1255823413,281693,662
1256030505,281693,662
1256537111,281797,815
1256795498,282735,633
1257572465,282735,633
1257990076,281693,663
1258379288,281797,816
1258426159,281693,663
1259351354,281797,816
1259898239,281693,664
1260093705,281693,664
1263552151,281797,818
1264210567,281797,819
1265174417,281797,819
1265342025,281797,819
1265389607,281797,819
1272779637,282735,641
1275104177,282735,646
1278590770,282735,648
1279192661,282735,648
1280333590,282735,649
1282423836,282735,650
1283292567,282735,650
1284657758,282735,652
1285560355,282735,652
1285755537,282735,652
1288404567,282735,654
1288646542,282735,654
1289575502,282735,654
1335948,282733,1
13372254,284036,8
136580279,282735,72
1365898436,282735,697
1366237936,282735,697
1366667094,282735,697
1367499295,282735,698
1367575480,282735,698
1369129820,282735,699
1369254903,282735,699
1370785905,282735,699
1371955963,282735,700
1372822632,282735,701
1372915233,282735,701
1373276689,282735,701
1373341045,282735,701
1374457608,282092,881
1374862964,282092,881
1375156142,282092,881
1375162801,282092,881
13758784,282733,9
1375897942,282735,702
1376360438,282092,882
1377538908,282092,882
1377558137,282092,882
1377793915,282092,882
1377799341,282735,703
1378153796,282092,883
1379534026,282092,883
1379594106,282092,883
1381197345,282092,884
1381650066,282092,884
1381897901,282092,884
1382383482,282092,885
1383914902,282735,707
138533529,284042,86
1386692457,282092,887
1387608523,282092,887
1388380359,282092,888
1388510829,282092,888
1388595119,282092,888
1388619525,282092,888
1388902635,282735,710
1388926976,282735,710
139011576,282735,73
139033602,284042,86
13910,282733,1
1393478261,283270,861
1393629918,283270,861
1393989395,283270,861
139441775,284042,86
1394592728,283270,862
1395426921,283270,862
1395761556,283270,862
1396710302,283270,863
1396945825,283270,863
1397131501,283270,863
140056508,284042,87
1406631289,283270,869
1406914320,283270,869
1408236933,283270,870
1408262997,283270,870
1408265139,283270,870
141093690,284042,87
1411883895,283270,872
1413643254,282735,724
1413851936,282735,724
1415054356,282735,725
1415335086,283270,874
1415340498,282735,725
1415435015,283270,874
1415638627,283270,874
1416196894,283270,875
1416289528,282735,725
1417029644,283270,875
1417694490,282735,726
14181546,282733,9
141860793,282735,74
141874848,282735,74
14188158,282842,7
1419270127,282735,727
1419556244,282735,727
1419694960,282735,727
142021998,283933,154
1421719857,282735,728
1421745297,282735,728
142179113,283933,154
1422439611,282735,729
1423993385,282735,730
14240418,284036,8
1424499049,282735,730
1424801725,282735,730
142638628,284042,88
1434341628,282735,736
1434855126,282735,736
1435608325,282735,736
1435706800,282735,736
1436132988,282735,737
1436834668,282735,737
143721075,282735,75
143756600,282735,75
1437772765,282735,737
143925968,283933,155
144013217,284042,89
144122016,281975,87
144162798,283933,155
144369280,282922,79
144479702,282922,79
145031988,282922,79
145422013,283933,155
1455754227,281797,919
1455831863,281797,920
1456327123,281797,920
145659249,281975,88
1456735296,281797,920
1457674020,281797,921
1457698001,281797,921
1457768427,281797,921
145902969,282922,79
1459149656,281797,921
1460532414,281797,922
146223595,281975,88
1462607690,281797,923
1463460061,281797,924
1463990652,281797,924
146406196,282922,80
1464828941,281797,924
1464884845,281797,924
1465058499,281797,924
1466234310,281797,925
1466493523,281797,925
146654225,281975,88
1466581627,281797,925
1466805208,281797,925
1466870799,281797,925
1467645848,281797,926
1467702506,281797,926
1470707534,281797,928
1471917433,281797,928
14721414,282733,9
1472243171,281797,928
1472478794,281797,929
147278607,282735,76
1472831715,281797,929
14740227,284036,9
1474976855,281797,930
147538945,282735,76
1475656936,281797,930
1476508935,281797,931
1476653083,281797,931
1477447549,281797,931
1477721600,281797,931
147824008,282922,80
1478326627,281797,932
1478724323,281797,932
1479349327,281797,932
1479476107,281797,932
147979918,283933,157
148031586,281975,89
148231113,282735,77
148570458,282922,81
148740297,283933,157
149106502,281975,89
149207882,282735,77
14921668,284036,9
149458103,281975,90
149880183,282735,78
149917768,282735,78
1500793743,281693,788
150124956,282922,82
1501668647,281693,789
1501750771,281693,789
1501932713,281693,789
1502313000,281693,789
150455135,282735,78
150455927,284042,93
1504630866,281693,790
1506050768,281693,791
150620741,283933,158
1506224187,281693,791
150685227,283933,158
15083876,284036,9
1508712169,281693,792
150882015,283933,158
1508899501,281693,792
1508947762,281693,792
150955881,284042,93
150979730,284042,93
1510463851,281693,793
151152533,283933,159
151235132,281975,91
151377166,282922,82
151440319,284042,94
151551142,281975,91
151741204,281975,91
152033038,283933,159
152090982,284042,94
152216119,282735,79
1522450481,282735,787
1523430989,282735,787
152353360,284042,94
152430471,281975,91
1525412915,281797,958
1526038799,281693,801
1526423964,282735,789
1526739561,282735,789
1526860361,282735,789
1527318288,281797,959
152742405,282922,83
1527960668,281797,959
152815678,282922,83
1528780209,282735,791
1529105565,282735,791
1529406699,282735,791
1529487607,281797,960
1529949207,281797,960
1530160972,282735,791
1530298843,281797,960
1530365190,282735,791
1530749961,281797,961
153089287,281975,92
1531178835,281797,961
153199932,282735,79
1532046206,281797,961
1533037053,281797,962
1534059612,282735,794
1534116574,281797,963
153434411,281975,92
1534747040,281797,963
1535028686,282735,794
1535401545,281797,963
1535643498,282735,795
1536285967,281797,964
1536517939,281797,964
1536960471,281797,964
1537368069,281797,964
1537410332,281797,964
1537813788,282735,796
1538139840,281797,965
1538556346,281797,965
153878948,283933,160
1538953418,282735,797
1539878841,281797,966
1539887315,282735,797
1540359008,281797,966
1540864541,281797,966
1541595426,281797,967
1543364836,281797,968
154367477,281975,92
154416102,282922,84
1546043065,281797,969
1546257894,281797,969
1546333617,281797,969
15476980,282842,8
1548074077,281797,970
1548232392,281797,971
1549196279,281797,971
1549879147,281797,972
1550389153,281797,972
1550487309,281693,814
1550517698,281797,972
1550786935,281797,972
155153023,283933,161
155259224,283933,161
1552879519,281693,816
1552972176,281797,973
1553238075,281797,973
1553591417,281693,816
155395518,281975,93
1554001151,281693,816
155409113,282922,84
1554322625,281693,817
155434963,281975,93
1555100702,281797,975
1555458111,281797,975
1556107105,281797,975
1556113829,281693,818
1557086589,281693,818
1557224543,281693,818
1557930797,281693,819
1557957756,281693,819
1558398960,281693,819
1559127946,281797,977
1559162804,281693,819
1559302805,281693,819
1559652393,281693,819
1560413402,281693,820
1560641298,281797,978
15608,284036,1
1562002677,281797,978
1562460908,281797,979
1563222966,281693,821
1563333922,281797,979
1563998783,281797,980
1564011521,281797,980
156506032,283933,161
1566103827,281797,981
1568348611,281797,983
1569167038,281797,983
1569211482,281797,983
156995191,282922,85
1570899,282842,1
157268811,282922,85
157622042,282922,85
157678575,282922,85
15826507,284036,9
158479386,282922,86
158602286,282922,86
159536519,282922,86
159607271,281975,96
15973031,282842,8
160014191,281975,96
160687727,281975,96
161020436,282922,87
161118157,282919,83
161328969,284042,100
161368344,284042,100
161574290,284042,100
161776679,281975,97
161919061,284042,100
1619378275,281797,1008
1619569179,281797,1008
1621412473,281797,1009
162167180,282919,84
162205717,281975,97
162252983,282919,84
1622742074,281797,1010
1622761961,281797,1010
1622837529,281797,1010
1623048614,281797,1010
162375624,284042,100
1624390768,281797,1010
1627039651,281797,1012
163165517,281975,98
1632270429,281797,1014
1633831651,281797,1015
1633909640,281797,1015
1634464557,281797,1015
1634539196,281797,1015
1635038693,281797,1016
1635426900,281797,1016
1636058759,281797,1016
163615348,282919,84
163615597,282922,89
1636332747,281797,1016
1636832040,281797,1016
1638405567,281797,1017
163918459,281975,98
1639478507,281797,1018
163959442,282922,89
1640384634,281797,1018
164062057,282919,85
1640730867,281797,1018
1641148145,281797,1019
16419775,284036,10
1643013555,281797,1020
1645041508,281797,1021
1645067831,281797,1021
1645558951,281797,1021
1645706858,281797,1021
1645995232,281797,1021
1646688359,281797,1021
1647060549,281797,1022
164759475,282919,85
1647725235,281797,1022
164804598,282919,85
164817890,282922,89
1648818755,281797,1022
1649485276,281797,1023
164987869,282922,89
16500948,284036,10
165112228,282919,85
1651475406,281797,1024
165249542,282922,89
1652506185,281797,1024
1652521246,281797,1024
1653858611,281797,1025
1654197305,281797,1025
165614549,282922,90
1656149849,281797,1026
1656593099,281797,1026
1657018990,281797,1027
1657723598,281797,1027
165962092,282919,86
1660719030,281797,1028
1661022850,281797,1028
1661537342,281797,1029
1661899179,281797,1029
1661951313,281797,1029
1662235045,281797,1029
1662259798,281797,1029
166316622,282922,90
166461561,282919,86
1665248207,281797,1031
1665418823,281797,1031
1665734991,281797,1032
1665914263,281797,1032
1667443991,281797,1032
16695668,284036,10
167190712,282919,86
169977008,282919,88
170792515,282919,88
171132924,282919,89
17229209,284036,10
172684401,283933,171
172984819,283933,171
173448694,283933,171
173813966,283933,171
174790298,283933,172
175518635,282922,95
176030054,283933,172
176185445,282922,95
176506756,282922,95
176837482,282735,90
176861790,282735,90
176875981,282922,95
176980985,282735,90
177219449,283933,173
177228934,282735,90
177890603,283933,173
178291055,283933,174
1784937955,283408,1054
1785045531,283408,1054
1785352296,283408,1054
1785475406,283408,1054
1786349358,283408,1055
1787442222,283408,1055
1789095318,283270,1083
1789107169,283270,1083
1790071500,283270,1083
1790941871,283408,1057
1790947416,283408,1057
1791787697,283270,1084
17919821,284036,11
1792552449,283270,1085
1793020407,283408,1059
1793767495,283408,1059
1793929252,283270,1085
1795065069,283270,1086
179534253,283933,174
179551137,283933,174
1795951541,283408,1060
1796242976,283270,1087
1796441559,283270,1087
1796790916,283408,1061
1796810740,283270,1087
179683625,282735,91
1797395040,283270,1087
1798284335,283270,1088
1798606640,283270,1088
1798892554,283408,1062
1799111296,283408,1062
1800479753,283270,1089
1800683538,283408,1063
1800938836,283270,1089
1801008500,283270,1089
180114562,282735,91
1801508937,283408,1064
1802881330,283270,1090
1803225569,283408,1065
1803757674,283408,1065
180397586,283933,175
1804379523,283270,1091
1804389285,283270,1091
1804564143,283408,1066
1805916144,283408,1066
1806118597,283270,1092
1806310668,283408,1067
1806514570,283408,1067
1806832684,283270,1093
1807074550,283270,1093
1807189826,283408,1067
1807489617,283270,1093
1808010895,283270,1093
1808974351,283270,1094
1809018597,283270,1094
1809031834,283270,1094
1809390823,283270,1094
1809508336,283270,1094
1809785277,283270,1095
1811112427,283270,1095
181156129,282735,92
181174844,283933,175
1813544137,283270,1096
181420083,283933,175
1815670395,283270,1098
1815941146,283270,1098
1815950481,283270,1098
1816442168,283270,1098
181841340,283933,175
1821532380,283270,1100
1823666202,283270,1101
1824023300,283270,1102
182491776,282735,92
1824925786,283270,1102
1826468885,283270,1103
1826911101,283270,1103
1826932738,283270,1103
1826943535,282037,1019
1828167840,283270,1104
1829350655,283270,1104
1829686328,282037,1020
1830407224,282037,1021
1830917935,282037,1021
1831909830,282037,1021
1831964526,282037,1021
1832425369,282037,1022
1832604695,282037,1022
183286741,283933,176
183340750,283933,176
1834443273,282037,1023
1834449680,282037,1023
184002250,283933,177
184273983,282919,96
1844085882,282037,1029
1844727522,282037,1029
1845433596,282037,1029
1845707294,282037,1030
1847835760,282037,1031
184850196,283933,177
184850886,283933,177
1848933067,282037,1031
1849039177,282037,1031
1849887967,282037,1032
1850757959,282037,1032
1850774547,282037,1032
1851965635,282037,1033
1854490991,282037,1034
185823143,283933,178
185931801,283933,178
186181601,282919,97
186632075,283933,178
187025035,283933,178
187605709,282919,97
188444303,282919,98
18924490,284036,11
192402653,282735,97
192439803,282735,97
193086748,282735,97
193196681,282922,104
193275785,282922,104
193622253,282922,104
194641751,282922,105
195408402,282922,105
195793810,282922,105
195932038,282735,98
196871580,282922,106
197491773,282922,106
199995974,282922,108
200264659,282922,108
201052478,282922,108
201069633,282922,108
201094730,282922,108
2016695,282842,1
203310293,282922,109
204255415,282922,110
206056371,282922,111
207736979,282922,112
207923752,282922,112
208094527,282922,112
208399028,282922,112
211683471,282922,114
212370566,282922,114
212432723,282922,114
2129431981,283270,1261
2130464681,283270,1261
2130497534,283270,1261
2130879508,283270,1261
2132190045,283270,1262
214567700,282922,115
226414604,281693,120
226481961,281693,120
226693853,281693,120
2276722330,281976,1264
2277130939,281976,1264
2277470967,281976,1264
2278023244,281976,1264
2278204225,281976,1265
227982825,281693,121
2283143128,281976,1268
2284207760,281976,1269
2284339146,281976,1269
2285047536,281976,1269
2286632270,281976,1270
2300544475,281976,1280
2301590762,281976,1281
2302511230,281976,1281
2303248505,281976,1282
2303466455,281976,1282
2304091727,281976,1282
2304637320,281976,1283
2305790086,281976,1283
2306138821,281976,1284
230861246,281693,122
2308616627,281976,1285
231320193,281693,122
231918191,281693,123
2325486,282733,2
2330543428,282735,1263
233394918,281693,124
2334067505,282735,1264
2336772461,282735,1266
2339004734,282735,1267
2339182557,282735,1267
2339693325,282735,1267
2343114676,282735,1269
2343545508,282735,1269
2344735266,282735,1270
2346273201,282735,1270
234820190,281693,124
234988062,281693,125
235448657,281693,125
235450404,281693,125
235886741,281693,125
237694846,283050,134
237891845,283050,134
238135585,281693,126
238682735,283050,135
2389243465,282037,1369
238973970,283050,135
2389801097,282037,1370
2389996818,282037,1370
239062257,281693,127
239168049,283050,135
2393905424,282037,1373
239429911,283050,135
2395139869,282037,1375
2395785134,282037,1375
2395821715,282037,1375
239677110,281693,127
239818477,281693,127
240001781,283050,135
2405722970,282037,1382
2406449333,282037,1382
2406645412,282037,1383
2406964737,282037,1383
2408020918,282037,1383
2408283760,282037,1384
2410034037,282037,1385
241006448,281693,128
241012870,281693,128
2410707243,282037,1385
2411966991,282037,1386
2412544891,282037,1386
2412860776,282037,1387
2413369513,282037,1387
2413402393,282037,1387
241655753,281693,128
241758369,281693,128
241878720,281693,128
243098816,281693,129
243345787,281693,129
243387978,283050,137
243516510,281693,129
245482413,283050,138
246245354,283933,211
246422041,283933,211
246508755,283933,211
246527870,283050,138
246697948,283933,211
246846983,283050,139
2472352014,282037,1427
2472659526,282037,1427
2472767977,282037,1427
2474019110,282037,1428
2475171624,282037,1429
2475295764,282037,1429
2476860833,282037,1430
2477260790,282037,1431
2478241777,282037,1431
2479351025,282037,1432
247948070,283050,139
248104194,283933,212
248742286,283933,212
2490521344,282037,1440
2491094029,282037,1440
2491134549,282037,1440
249191360,283050,140
2492529812,282814,1342
2492628304,282814,1342
2492722014,282037,1441
2493698105,282814,1342
2495170338,282037,1443
2495217412,282735,1345
2495920962,282814,1344
2495957521,282814,1344
2496125353,282735,1345
2496563565,282814,1344
2496637313,282814,1344
249712049,283050,140
2497518884,282814,1344
2497865603,282735,1346
2498041183,282814,1345
2498209935,282037,1445
2498328881,282037,1445
2499235512,282037,1446
2502170796,282814,1347
2505112842,282814,1348
250526716,283050,140
2505836743,282814,1349
2506543761,282814,1349
2508017805,282814,1350
2508349892,282814,1350
2508895941,282814,1350
251103917,283933,214
2511394317,282814,1351
2511716642,282814,1351
2513009568,282814,1352
2513561811,282814,1352
2515208534,282814,1353
251821413,283050,141
2519768583,282814,1355
2520215822,282814,1356
2521910688,282814,1356
252688911,283933,215
252709713,283050,141
253080225,283933,215
253098054,283933,215
253526430,283050,142
254134464,283933,216
254387734,283933,216
254588625,283050,142
254768767,283933,216
255045631,283933,216
255517483,283933,216
255633597,283933,216
255828648,283933,216
2559097039,283270,1493
2559386224,283270,1493
2560517088,283270,1493
2561308609,283270,1494
2561885277,283270,1494
2562358460,283270,1494
2562792935,283270,1495
2563555949,283270,1495
2564725359,283270,1496
2565541763,283270,1496
256658745,283933,217
256670712,283933,217
2567475967,283270,1497
256949715,283933,217
256962736,283933,217
2571504074,283270,1499
2572282408,283270,1500
2573120380,283270,1500
2573227094,283270,1500
2573266994,283270,1500
2573676106,283270,1500
2574401079,283270,1501
2574462670,283270,1501
2574693872,283270,1501
2575427205,283270,1501
2575886669,283270,1501
257978744,283933,218
258746366,283933,218
258864024,283933,218
272188222,283059,147
273236809,283059,147
274058872,283059,148
274279321,283059,148
274754243,283059,148
2773788073,283270,1615
2774003809,283270,1615
2774396136,283270,1616
2774783251,283270,1616
2774827267,283270,1616
2775931214,283270,1617
2775967770,283270,1617
2777623930,283270,1618
2778546414,283270,1618
277888633,283059,150
2779631156,283270,1619
2779914547,283270,1619
2780927318,283270,1620
2781004680,283270,1620
2783457013,283270,1621
278453497,282733,148
2784538358,283270,1622
278483828,281641,166
2784899109,283270,1622
2787897920,283270,1624
278798527,283059,150
2790239531,283270,1625
279357593,282733,149
280755148,282733,150
280901841,283059,151
280962110,282733,150
281700667,284006,229
281909900,282733,150
282045176,284006,229
282085450,283059,152
282172010,283059,152
282493675,281641,168
282545224,282733,151
282561634,284006,229
282828577,284006,229
2829075380,283270,1648
282953717,284006,229
2830707512,283270,1649
2831240521,283270,1649
283321826,281641,168
2833346510,283270,1650
2833439541,283270,1651
283408579,283059,152
2834775726,283270,1651
2835606324,283270,1652
2836977991,283270,1653
2837879796,283270,1653
283791648,281641,168
2839101666,283270,1654
283929738,281641,169
2839584879,283270,1654
2840211493,283270,1655
2843124527,283270,1656
2843477110,282092,1751
2843827308,282092,1751
2844858230,283270,1657
2845174800,283270,1658
2845334781,283270,1658
2845640121,283270,1658
2846137911,282092,1753
2848518787,282092,1754
284883174,282733,152
2851410518,282092,1756
2853714406,282092,1758
2853734101,282092,1758
285416910,282733,152
2854533851,282092,1759
2855292806,282092,1759
285572090,282733,152
285582417,284006,231
2856720136,283270,1664
286157220,284006,231
286230269,284006,231
286255930,284006,231
286392098,283059,154
286562816,282733,153
2865927716,282092,1767
2869522483,282092,1769
2869814191,282092,1769
2870143332,282092,1770
2871334973,282092,1770
2871725769,282092,1771
287230376,282733,153
2872448856,282092,1771
287330765,282733,153
287539362,282733,153
287543058,283059,155
287588896,283059,155
287842963,284006,232
287849635,282733,153
287881936,283059,155
288339500,283059,155
288410270,282733,154
288503544,282733,154
289120036,283059,155
289124981,284006,233
289422988,282733,154
289991234,283059,156
290233282,283059,156
290323397,281641,172
290426045,283059,156
290522894,283059,156
290527513,282733,155
290654337,284006,234
290842517,284006,234
290852180,283059,156
291013512,283059,156
291047476,283059,156
291709933,282733,156
291734211,284006,234
291813304,283059,157
292194829,284006,234
292259162,282733,156
292806088,284006,235
293028931,283059,157
294125827,284006,236
294155777,281693,157
294284222,281693,157
294479390,281641,174
294544599,281641,174
294782688,281693,158
294982004,281641,174
295060656,284006,236
296012473,281693,158
296027767,281693,158
296488247,281641,176
296521278,284006,237
296764738,284006,237
297032025,281693,159
297221126,281641,177
297362264,281693,159
297371220,281693,159
297723490,281693,159
298093966,284035,178
298598990,284035,178
298983309,284035,178
299070617,284035,178
299229790,281641,178
299446730,281641,178
299692208,284035,179
299891944,284035,179
300046807,284035,179
300422493,281641,178
3004698537,283270,1756
3004965510,283270,1756
3005674043,283270,1756
3008205354,283270,1758
3009182474,283270,1758
3012469761,283270,1761
3012997311,283270,1761
3013223907,283270,1761
3013709677,283270,1761
3013809359,283270,1761
3014700183,283270,1762
3014948996,283270,1762
3016758203,283270,1763
301773476,281641,179
3017876697,283270,1764
3018449366,283270,1764
3019820195,283270,1765
301982196,284035,180
3021513464,283270,1766
3021848825,283270,1766
3022323720,283270,1767
3023776887,283270,1768
3024019893,283270,1768
3025377808,283270,1769
3025581597,283270,1769
3025645914,283270,1769
3025755974,283270,1769
3026390743,283270,1769
3028649998,283270,1771
3029164405,283270,1771
3030350964,283270,1772
3030398226,282037,1726
3031219668,283270,1772
3031470202,283270,1772
3031715254,282037,1727
3032606794,282037,1727
303266276,281693,163
303274182,284035,181
303492631,281693,163
3035285202,283270,1775
3037829889,283270,1776
3038270098,283270,1777
3038281619,283270,1777
3039007636,283270,1777
3040606877,283270,1778
3040640455,283270,1778
3040761515,283270,1778
3041348809,283270,1779
3041579160,283270,1779
3042659741,283270,1779
304829016,281693,163
3049073911,282092,1879
3049335500,282092,1879
304964591,281693,163
305058637,284035,182
3051619472,282092,1880
305200369,284035,182
305270910,284035,182
3054192910,282092,1882
3055105698,282092,1882
3055640653,282092,1883
305577664,284035,182
305689460,281693,164
3056981007,282092,1883
3057971205,282092,1884
3058008883,282092,1884
305934925,281693,164
3060969803,282092,1885
3061335527,282092,1885
3061707016,282092,1886
3062327442,282092,1886
3063519200,282092,1887
3064913513,282092,1887
306717968,281693,164
3069504048,282037,1747
3070775186,282037,1747
3073814878,282037,1749
307657449,284035,183
3076623486,282037,1750
3077062362,282037,1750
3077141311,282037,1751
307949704,281693,165
3079686515,282037,1752
3079773652,282092,1895
308080931,281693,165
3080858755,282092,1895
3081099806,282037,1753
3081471473,282037,1753
3083165898,282037,1754
3083223236,282037,1754
3083631498,282092,1897
3084176414,282037,1754
3084531285,282092,1897
3085313227,282037,1755
308585923,281641,183
3087505786,282037,1756
3088034848,282092,1899
3089219677,282037,1757
3089708509,282092,1900
3090007264,282037,1757
3090128887,282037,1757
309030584,281641,183
3091867245,282037,1758
309193188,284035,184
309193444,284035,184
309197231,281693,166
3093944,282733,2
309473098,284035,184
309581766,281693,166
309661514,281693,166
309763919,284035,184
309839689,281641,183
3098629265,282037,1762
3098798219,282037,1762
309920189,281641,183
3100113212,282037,1763
3101646344,282037,1763
3102379030,282037,1764
310568233,284035,185
3105750436,282037,1766
310633346,281693,167
3106669893,282037,1766
3106813103,282037,1766
3108822359,282037,1767
310971269,281693,167
311078107,284035,185
311196735,284035,185
311375696,284035,185
311618525,281693,167
3117058558,282037,1772
3119141701,282037,1773
3119762154,282037,1773
312032334,281693,167
312874568,281693,168
313351391,281693,168
313503601,281693,168
314658829,284006,247
315393773,284006,247
315658936,284006,247
315692283,284006,247
315766356,284006,247
315847615,284006,247
317278816,284006,248
317964909,284006,249
3182449047,281976,1796
318260769,284006,249
3183956092,281976,1797
3184937051,281976,1797
3184982452,281976,1797
318518006,284006,249
3185927805,281976,1798
318867390,284006,249
3190784475,281976,1801
319104665,284006,249
3191142887,281976,1801
3193385580,281976,1802
3194256678,281976,1803
3200958854,281976,1807
320201725,284006,250
320367817,284006,250
3205281390,281976,1810
3207507466,281976,1811
320770762,284006,250
3208485923,281976,1812
3208729709,281976,1812
320902189,284006,250
3210405048,281976,1813
3211020723,281976,1813
3211576369,281976,1814
3212052992,281976,1814
3213861872,281976,1815
3214902920,281976,1816
3215942816,281976,1816
3215963306,281976,1816
321598060,284006,251
3216208030,281976,1816
3217581736,281976,1817
3218388808,281976,1818
321867633,284006,251
3218994050,281976,1818
3219057298,281976,1818
3222918170,281976,1821
3223313787,281976,1821
3223315783,281976,1821
3224421186,281976,1822
322448290,284006,251
3224875616,281976,1822
322691731,284035,192
3228314103,281976,1824
3228522924,281976,1824
3228634254,281976,1824
3229306604,281976,1825
3229641076,281976,1825
3229666537,281976,1825
3231137940,281976,1826
323209640,284035,192
3232308634,281976,1827
323245058,284006,252
323366990,284035,192
3236798315,281976,1829
3236826456,281976,1829
323930166,284035,193
3240443156,281976,1832
324050323,284035,193
324364343,284006,252
324364618,284035,193
32458950,281613,148
326046834,282734,161
327113292,282734,162
328049849,282734,162
328228064,282734,162
328945465,281976,189
328967782,281976,189
330001324,281976,189
3303173,284036,2
330344134,281976,190
330458953,281976,190
330582852,284006,256
331011943,284006,256
331195855,281693,179
331316152,281976,190
331661668,281976,191
332123609,282734,164
332492230,282734,165
332548486,281693,179
332569908,282734,165
332881031,282734,165
333115224,281693,180
333174474,281693,180
333264564,284006,257
333467639,281693,180
334205930,281693,180
334409476,281976,192
334685832,281976,192
334824643,284006,258
334856397,281976,193
334998012,281693,181
335030269,284006,258
335108185,283308,174
335114365,284006,258
335136502,281693,181
335227540,283308,174
335543321,282734,166
335600905,282734,166
336060646,282734,166
336211711,281976,193
336277864,281976,193
336411371,281693,182
336432724,281976,194
336447266,282734,167
336523420,283308,174
336640554,281693,182
336657557,281976,194
336856155,281693,182
337126737,281976,194
337172147,283308,175
337539855,282734,167
337722797,281976,194
337885046,281693,182
338035842,281693,182
338037285,283308,175
338423504,281693,183
338555842,283308,175
338719939,281693,183
339013884,282734,168
339222998,283308,175
339365910,281976,196
339551912,282734,168
339813162,282734,168
339937987,281693,184
340471455,281976,196
340519012,281976,196
340668659,281976,196
340784477,281976,196
341055254,281693,184
341402062,283308,177
341717050,281693,185
342276386,281693,185
342474741,283308,177
34266884,281613,157
343221452,281693,186
343928754,281693,186
343979948,283308,178
344486772,281693,186
344688829,283885,193
344749155,281693,186
344973693,281693,187
345027304,281976,199
345082676,283308,178
345105380,283308,178
345167011,283308,178
345189761,283308,178
345410714,281693,187
345635829,283885,194
345800873,281693,187
346054552,281693,187
346288663,283308,179
346537513,283308,179
34762436,281613,159
347987886,283885,195
348351359,283885,195
34874933,281613,160
349512524,283885,196
349984343,283308,181
350230533,283885,196
350929713,283308,181
351270825,283308,181
352018987,283885,197
352925791,283885,198
353241817,283885,198
353865482,283885,199
354048540,283885,199
355934303,283885,200
357449754,284014,205
357568094,283885,201
357882806,284014,205
358115067,283885,201
35923142,281613,165
359340841,284014,206
359972421,284014,206
360105233,284014,206
360373634,283885,202
361431142,284014,207
362032151,283885,203
36214950,281613,166
362151860,283885,203
362671808,284014,208
363353730,283885,204
363944017,283885,204
364850363,284014,209
365093585,284014,209
365909517,284014,209
368146270,284014,211
368668758,284014,211
368670171,284014,211
369863572,284014,212
370177537,284014,212
371015627,284014,212
37124200,281613,171
3794807,282733,3
38273451,284036,22
38368006,284036,22
385132395,283884,414
386800397,283884,415
387259186,283884,415
38846782,281613,178
39472152,284036,22
395788904,283884,421
395867057,283884,421
396207125,283884,421
396699842,283884,421
397932266,283059,213
398132421,283884,422
398994480,283884,422
399087644,283884,422
399107279,283884,422
399323565,283884,423
399555198,283884,423
399887097,283059,214
400100048,283059,214
400225195,283059,214
400613373,283059,214
400693619,283059,214
400995321,283059,214
401067814,283059,214
401073994,283059,214
401822290,283059,215
4020843,282733,3
402111676,283059,215
402679427,283059,215
402991449,283884,425
403201027,283884,425
403255632,283884,425
403348172,283884,425
403441367,283059,216
404032279,283884,425
404050015,283884,425
404100105,283884,425
404207609,283884,425
404739167,283059,216
404913046,283884,426
40494653,281613,183
405112182,283884,426
405114229,283884,426
405549073,283059,217
405592186,283884,426
405718143,283884,426
407993132,283059,218
408145666,283059,218
408224248,283059,218
408656249,283059,218
408756657,283059,218
410246085,283059,219
410473752,283059,219
410568057,283059,219
410790258,283059,219
411271750,283059,220
411341886,283059,220
411465117,283059,220
411651962,283059,220
412932662,283059,221
413532653,283059,221
414304283,283059,221
416613022,283059,223
417026007,283059,223
417341234,283059,223
417447345,283059,223
418293542,283059,224
419540610,283059,224
420181864,283059,225
420242413,283059,225
423011237,282734,214
423483370,282734,214
423507937,282734,214
424483316,283059,227
425487512,281641,250
425514936,282734,215
426244515,282734,215
426697276,282734,215
426730177,281613,633
426772096,283059,228
427463222,283059,229
427833685,281641,251
428037233,282734,216
428080982,283059,229
428117454,283059,229
428832794,281641,252
428842833,281641,252
429099439,283059,230
429295503,283059,230
429314567,281693,229
429869258,282734,217
42994830,281613,190
429960659,281693,229
430177002,281976,247
430261842,281693,229
430488348,283059,230
430533365,283059,230
430728261,281641,253
431031924,282734,217
431087534,281613,638
431137441,281613,638
431267310,281641,253
431358274,282734,217
431483541,281976,247
432088054,281693,230
432757151,281641,254
432947156,281976,248
433539721,282734,218
433662230,282734,218
434270400,281693,231
434367061,282734,219
434491563,281641,255
434573369,281641,255
434590553,281976,249
434630432,283059,233
434848040,281641,256
434990960,282734,219
434999201,281641,256
435444945,284014,249
435654172,284014,249
435773818,284014,249
435880025,284014,249
435934749,281976,250
436025296,284014,249
436837992,281693,232
437055658,281693,233
437185883,284014,250
437866896,282734,220
438020516,284014,250
438101207,281693,233
438216854,282734,221
438358039,281693,233
438844960,282734,221
438965729,281693,233
439077005,281976,252
439078321,281641,258
439253243,281693,234
439383722,281976,252
439435651,281693,234
439469521,281641,258
439516090,281693,234
439622014,281693,234
439987717,282734,221
440022042,281976,252
440049974,281976,252
440150490,282734,221
440514405,281641,259
440868463,284036,250
440900729,281641,259
440962237,281976,253
441411108,281693,235
441414518,282734,222
441595871,282734,222
442067823,281693,235
442127786,282734,222
442136978,281976,253
442238136,282734,222
442291542,281976,254
442881965,281641,260
443521862,282734,223
443655077,282734,223
443817028,281976,254
443911286,284036,251
444121507,281976,255
444647739,281976,255
44479838,284036,25
444817635,282734,224
445254041,281693,237
445505535,281693,237
446928760,281693,237
44700038,284036,25
447010239,284036,253
44714328,284036,25
447663238,281641,263
447884880,281976,257
448004284,281693,238
448256349,281693,238
448314980,281976,257
448653548,284014,256
448677040,281641,264
448724320,281976,257
448740145,284036,254
448981267,284014,256
449314502,284014,257
449425551,284036,254
449595390,284014,257
450076184,281976,258
450103060,281641,265
450159263,284036,255
45027395,284036,25
450356922,284014,257
450675691,284014,257
451020410,284036,255
451111740,284036,255
451373891,281976,259
451436970,284014,258
451558153,281641,266
453304212,284014,259
453460059,281976,260
453813717,284014,259
45410551,284036,26
454325354,281641,267
454363110,284014,259
455487965,281976,261
455614983,281976,261
455870206,281641,268
455915657,284014,260
45647335,281613,198
456570314,281641,268
456761483,284014,261
456787157,284014,261
456843486,284036,259
456931505,284014,261
457678879,281976,262
457742196,281976,262
457816976,281641,269
458789337,281976,263
458811538,281976,263
458832468,281976,263
458898651,284036,260
458931612,281976,263
459264553,281976,263
459416484,284036,260
459739496,284036,260
460015901,281976,264
460237565,281976,264
460808319,284036,261
460824173,284036,261
461672531,284036,261
461989093,281641,272
462077836,281976,265
462225506,281641,272
462229362,284036,261
462387250,284036,262
462487271,281976,265
462601639,284036,262
462799621,284036,262
46313743,284036,26
463329540,281641,273
463404404,281976,266
463995390,281641,273
464012791,284036,262
464045271,281641,273
464102084,281641,273
464239596,284036,263
465156517,281976,267
465575324,281641,274
465993069,281641,274
466492676,281641,274
466606208,281976,268
466847589,284036,264
46685566,284036,26
466880424,284036,264
467470359,281641,275
468096876,281641,275
468159901,281976,269
468437278,281976,269
46865816,281613,201
468823987,281641,276
469680702,281976,269
470058280,281976,270
470475817,281693,249
47087759,281613,201
471292212,281693,249
471427131,281693,250
471715717,281693,250
471963121,281693,250
472219885,281693,250
472299629,283043,253
472463644,283043,253
472603761,281693,250
472969259,281976,271
472975606,281976,271
472992136,281641,278
473141077,281641,279
473196731,283043,253
473566492,281641,279
473701536,281641,279
474054025,281641,279
474131484,281641,279
474277990,281641,279
474755145,283043,254
475587676,281641,280
475668129,281693,252
475860562,281693,252
476539376,283043,255
476578689,281693,252
476617753,283043,255
476854643,281693,252
476895765,281693,252
477732440,283043,255
478005527,281693,253
478048995,281641,282
478729967,281641,282
478907810,281693,253
48024009,284036,27
480476383,281641,285
480662670,281693,254
480785273,281641,285
480855215,281641,285
481489187,281641,286
481857985,281693,255
482400221,281693,255
482808143,281693,255
48327989,284036,27
483362485,281641,287
483537453,281641,287
484059372,281693,256
484072523,281693,256
484846875,281693,256
48485025,284036,27
485804058,283043,260
485838606,281641,291
486024485,281693,257
486881220,283043,260
487033614,281641,292
487061771,281693,258
487404138,283043,260
487460687,283043,260
487714024,281693,258
487892718,283043,261
488057544,283043,261
489433059,283043,261
489587857,281641,295
489921763,283043,262
490112680,283043,262
490491432,283043,262
490671971,281641,296
490946684,283043,262
49131510,284036,28
491471317,283043,262
491886294,283043,262
492679299,283043,263
492844220,281641,298
492855238,281641,298
49423985,283308,27
49455485,283308,27
494761767,281641,299
494851332,281641,299
495688174,281641,300
495764474,283043,264
496347429,281641,300
496582500,282807,254
496940702,282807,254
497007911,283043,265
497397016,283043,265
497583505,283043,265
497768069,283043,265
497943305,283043,266
498351987,283043,266
498395183,283043,266
498522320,282807,255
498680899,282807,255
498882900,282807,255
49929786,284036,28
499332135,282807,255
499794144,282807,255
499907677,282807,255
50031061,284036,28
500731240,283043,267
500880758,283043,267
501777271,283043,267
501835364,283043,267
501925717,283043,267
50294365,283308,27
50490897,283308,27
50580328,284036,29
50706128,283308,28
50860607,281613,209
50978380,281613,209
510869970,282807,261
51223404,284036,29
512619451,281797,413
51287713,281613,210
513098807,282807,262
513553535,282807,262
513879759,282807,262
514205502,282807,262
514623772,282807,262
514727372,281797,414
515117140,282807,263
515119778,282807,263
515305028,282807,263
515604672,281797,414
516251548,281797,414
516681559,281797,415
516705464,281797,415
517085503,283307,282
517760880,283307,283
518154444,281797,415
518247296,283307,283
519308469,283307,284
51938566,283308,28
519420401,283307,284
519654102,283307,284
520414558,283307,284
5205219,282733,4
520698693,282734,261
520724211,283307,285
520970046,283059,281
521409312,282734,261
521885849,283059,281
521930767,282734,262
522150703,283307,286
522160381,282734,262
522162772,282734,262
522414691,283307,286
522443124,282734,262
522603654,282807,266
522738454,283307,286
522782463,282807,266
522789548,282807,266
522843330,283307,286
522918496,283059,282
522986742,283059,282
523205914,283059,282
52340186,283308,28
523422372,283307,286
523529206,282734,262
523703219,283307,286
523957330,282734,263
524462617,283059,283
524501952,283059,283
524530937,282734,263
525188345,283059,283
525701490,283307,288
525877424,282807,268
525957825,282734,264
526051291,283307,288
526115330,282734,264
526500710,283059,284
526500833,282734,264
52650125,283308,29
526680016,281797,420
526853521,282734,264
527514970,281797,421
527629155,283059,284
527921408,282800,282
52801065,284036,30
5281557,282733,4
528266055,282800,282
528344156,283307,289
528682501,281797,421
528995046,283059,285
529055392,282800,282
529061601,282807,269
529341675,283059,285
529480774,283307,290
529976130,282800,283
530598571,283307,291
530648123,283307,291
530672111,283059,286
530815291,283059,286
530885152,283059,286
531017085,281797,422
531325002,282800,283
531492350,282734,266
531618140,283059,287
531735629,281797,423
531796330,281797,423
53180349,284036,30
531844879,282734,266
532047755,282800,283
532379443,282800,284
532647795,283307,292
532676894,283307,292
532743116,281797,423
533225946,283059,288
53325094,284036,30
533714369,283059,288
533773697,283059,288
533894349,283059,288
533948058,282734,268
533959366,281797,424
533963497,283307,293
534312420,282734,268
53440520,284036,30
534433111,282800,285
534683968,283307,293
535031533,282800,285
535226307,283059,289
535583617,282800,285
535650861,281797,425
535651041,281797,425
53570066,284036,30
535735771,283059,289
536039968,282800,285
536330083,282734,269
536379281,283307,294
536411031,282800,286
5367561,282842,3
536802155,282800,286
536831954,283307,294
536892813,283059,290
537301864,282734,269
537724237,282800,286
538198400,282800,286
538269639,282734,270
538569530,282734,270
53871822,283308,29
539155807,283359,372
539452850,282734,270
539512493,282734,270
539847601,283059,291
540044604,283359,373
540109376,282800,287
540648616,282800,288
540935533,282800,288
541363083,283059,292
542650842,283359,374
542987257,282800,289
543392656,283359,374
543638294,283359,374
544302377,283359,375
54435770,284036,31
544803998,282800,289
544999046,282800,290
545658578,282800,290
545739953,282800,290
54582959,283308,30
546006346,282800,290
546863261,282800,290
547417689,283359,376
547452833,283359,376
548103011,283359,377
549147945,282800,291
55195416,284036,31
563079747,283359,384
564468979,283682,304
565397986,283359,385
566354234,283359,386
566758146,283359,386
567314364,281613,808
567955483,283682,306
568889989,283682,306
569060409,283682,307
569499054,283682,307
571245970,283359,388
571816929,283359,388
571870848,283682,308
57202603,283308,31
572044907,283682,308
572064077,283682,308
572970785,283359,389
573252531,281613,816
574334138,283682,309
574860779,283682,310
574869798,283682,310
574990232,282734,288
575471248,283682,310
576247956,283682,310
577361838,283682,311
57759485,283308,31
577968066,283682,311
578356974,283359,392
578580746,283682,312
578619185,283359,392
579252733,283682,312
579491957,283682,312
579619518,283359,392
579698131,283682,312
58730415,284036,33
587882770,281613,835
5885200,282842,3
59181439,283308,32
592545091,283682,320
592689509,283682,320
593054939,283682,320
593117579,281613,842
593360398,281613,842
593579109,283682,320
596053809,283682,322
596442770,281613,846
597175415,283682,322
597658953,281613,847
598906317,281613,849
598996648,283682,323
599236483,283270,402
599807700,283270,402
600312681,283270,402
600958594,283270,403
601250733,283270,403
601274040,281613,852
601926908,283270,403
60256541,283308,33
602579025,283270,404
602602557,283270,404
602951993,283270,404
603050462,283270,404
60318684,283308,33
604705900,283270,405
605155344,283270,405
605171393,283270,405
605180829,281613,857
605216215,283270,405
605917779,283270,406
608669688,283270,407
609170626,283270,408
609518119,283270,408
609812137,283270,408
610471862,281613,864
611037178,283270,409
611085312,283270,409
611858930,283270,409
611956028,283270,409
612586713,283270,410
612653838,283270,410
613702374,283270,410
613912078,283270,410
624598145,281613,883
624708859,281613,883
626088837,281613,885
62621872,283308,34
62793009,283308,34
63525399,283308,34
636273309,283307,343
637300026,283307,343
638880266,283307,344
64057254,283308,35
640679081,283307,345
640929508,283307,345
64093942,283308,35
64109381,283308,35
64161187,283308,35
641635852,283307,345
641871940,283307,345
643018086,283307,346
643543670,283307,346
644058569,283307,346
6442376,282842,4
647259199,283307,348
647905622,283307,348
648461196,283307,348
648956482,283307,348
651917913,283307,350
6528565,284036,4
65321466,283308,35
653336823,283307,350
653478507,283307,350
653607980,283307,350
655983166,283307,352
656242356,283307,352
65789764,283308,36
660179960,283307,353
660219053,283307,353
661162815,283307,354
661301474,283307,354
661892610,283307,354
663450862,283307,355
66641286,283050,45
66779140,283050,45
66874564,283050,45
6693724,282733,5
67145447,283050,45
68161817,283050,45
68557228,283308,37
68884487,283308,37
68995337,283050,46
69516387,283308,38
69688591,283050,46
70077464,283308,38
70304818,283308,38
70963500,283050,47
711018741,283059,377
71216961,283308,39
712655330,283059,378
713986418,283059,378
71472191,283050,47
71541430,283050,47
71545379,283308,39
716194259,283059,379
716490215,283059,379
71655697,283050,47
717571679,283059,380
719345858,283059,381
719435532,283059,381
719501532,283059,381
720288869,283059,382
721435789,283059,383
7217693,282842,4
721952313,283059,383
722101209,283307,383
722438572,283307,383
7232982,282733,5
723702510,283307,383
723868299,283059,384
724362545,283059,384
725326285,283059,385
725427700,283059,385
726051229,283059,385
727025011,283059,386
728429036,283059,386
728984858,283059,387
72944332,283050,48
729564463,283059,387
73066449,283050,48
733972256,283059,389
735381656,283059,390
737284068,283059,391
738125148,283059,391
738819181,283059,392
739602902,283059,392
74081950,283050,48
741193432,283059,393
742863945,283307,393
742942456,283059,394
743450927,283059,394
744701669,283307,393
744946145,283059,395
745070341,283059,395
745329407,283307,394
745529014,283059,395
745985876,283059,395
746578284,283059,396
746723759,283059,396
746903151,283059,396
747268687,283059,396
748555213,283059,397
748728896,283307,395
749303444,283307,396
7495738,284036,5
750060795,283059,397
750290684,283307,396
750340483,283307,396
751106657,283059,398
751644180,283059,398
752124289,283307,397
752443397,283059,399
753066183,283307,397
753196440,283059,399
753305002,283307,398
754498754,283059,400
754640897,283059,400
755219926,283059,400
755688780,283307,399
7557342,284036,5
755885809,283059,400
756138849,283059,401
756214040,283307,399
756254405,283059,401
756880493,283307,399
756935160,283307,399
758027630,283307,400
758311071,283059,402
758359227,283307,400
758796691,283307,400
75900097,283050,49
759266483,283059,402
75953299,283050,49
760536147,283307,401
760827798,283059,403
762096995,283059,404
762379815,283307,402
762532517,283307,402
762847012,283307,402
7634998,284036,5
763881406,283059,405
764288375,283059,405
766787487,283059,406
767747403,283059,407
768859132,283059,407
770306319,283059,408
77070375,283050,50
772035998,283059,409
773285858,283059,410
77332328,283050,50
773658851,283059,410
775040931,283059,411
775760139,283059,411
7760413,282842,4
776364505,283059,411
77674642,283050,50
777487218,283059,412
778015294,281797,560
779333873,281797,561
779432033,281797,561
779711889,283059,413
780546564,281797,561
780762332,281797,561
780771598,283059,414
781280517,283059,414
781406146,283059,414
781813111,283059,414
781946741,281797,562
784081714,281797,563
784270636,283059,415
784543390,281797,564
784566165,283059,416
785337721,281797,564
785501823,283059,416
785654420,281797,564
786815110,283059,417
787013144,281797,565
787082203,281797,565
788053,282842,1
788343034,281797,565
788884927,283059,418
789000868,281797,566
789001455,283059,418
789852021,281797,566
790123437,283059,418
790870576,283059,419
791242464,283059,419
791582709,281797,567
791644533,281797,567
791672546,283059,419
791895518,283059,419
792029048,283059,419
793098733,283059,420
794000127,283059,420
794073971,281797,568
794222606,281797,568
794340037,283059,421
795289563,283059,421
795603332,281797,569
795609552,281797,569
796129394,283059,422
797720267,283059,423
798304944,283059,423
798709256,283059,423
7993578,282733,5
802946303,283059,425
804802607,283059,426
806067262,283059,427
806380357,283059,427
806712912,283059,427
806780250,283059,427
8114613,282842,4
81277067,283050,52
81538900,283050,52
8169663,282733,5
82340426,283050,52
838828943,283307,440
840810541,283307,441
8410878,282842,4
841109083,283307,441
842915840,283307,442
844617649,283307,443
846224939,283307,443
846316727,283307,443
851511669,283307,446
852675642,283307,447
852838971,283307,447
854125246,283307,447
855628410,283307,448
856296706,283307,449
856895212,283307,449
85820732,283834,49
858363293,283307,450
858900006,283307,450
860195465,283307,450
860616554,283307,451
861526076,283307,451
861656554,283307,451
861737736,283307,451
8668915,282842,5
88128558,283834,50
8866003,282842,5
88682677,283834,50
89560079,284042,56
89901083,282919,46
901119621,283884,721
901206096,283884,721
901244581,283884,721
901419620,283884,721
90164851,284042,57
902207000,283884,722
903046755,283884,722
90381667,284042,57
904188828,283884,723
9042362,282733,6
904924358,283884,723
905219858,283884,723
905718787,283884,724
906572642,283884,724
906793186,283884,724
907843924,283884,725
908604027,283884,725
90874517,282919,46
908874771,283884,725
90982644,282919,46
910178065,283884,726
91074830,284042,57
910888991,283884,727
911378420,283884,727
912026062,283884,727
912264547,283884,727
912416819,283884,728
912448224,283884,728
912515892,283884,728
913059069,283884,728
913914133,283884,728
914578252,283884,729
9149455,282842,5
915500029,283884,729
91644802,284042,57
91838308,282919,47
92204167,282919,47
923075872,281707,615
923734724,281707,615
924185377,281707,615
925241051,281707,616
9252747,282733,6
925876,284036,1
926886095,281707,617
927599561,281707,617
928468448,281707,618
928582417,281707,618
92902969,282919,47
929749648,281707,618
93101653,282919,47
931906803,281707,620
932321869,281707,620
932887256,281707,620
932930694,281707,620
933178013,281707,620
934047305,281707,621
934830909,281707,621
934912307,281707,621
935136787,281707,621
935869540,281707,622
936959348,281707,622
937838481,281707,623
939607211,281707,624
940195588,281707,624
940317578,281707,624
94416012,282919,48
94490318,283834,54
94919641,283834,54
963557036,281693,511
964276847,281693,511
96705423,283834,55
97252896,282919,49
97608094,283834,56
985275636,281693,522
985523341,281693,522
985835568,281693,522
987611196,281693,523
991430511,281693,525
991587574,281693,525
991587619,281693,525
991694066,281693,525
992194837,281693,526
992272632,281693,526
992767926,281693,526
992950595,281693,526
993474642,281693,526
994488400,281693,527
995102055,281693,527
996051475,281693,528
997301753,281693,528
99732457,283834,57
99789928,283834,57
997990537,281693,529
999551905,281693,529
999838851,281693,530
