21902
21938
22242
1389321
1389415
1389661
5627311
5627438
7895585
7896178
7896193
10078432
10078464
10078815
13340364
13340552
14144899
14145144
14145156
16476911
16477047
16477172
16477191
16477206
17808636
17808910
17809077
17809310
17809387
17940809
17941508
19533261
19533409
20828905
20829145
21330064
21330131
21330464
21330597
22243881
22244091
22244244
22244402
22285926
23856275
24445152
24445215
24445482
24445560
24445602
27245635
27245912
27600286
27600459
27600832
32570142
32570258
33356377
33356500
33356633
33356713
33818317
33818370
33818471
35739883
35739962
37057611
37057885
37058241
37418952
37419088
38456820
38457554
38579748
38579784
38579981
38580130
38699554
38699689
40053353
40053358
40053433
40053804
40053867
40053904
41088511
43249546
43249806
43980643
43980976
43980998
46977227
46996629
47711612
47711627
47711839
47711965
47712200
47712292
48958746
48958809
48959047
48959105
48959181
50239151
50339785
50339961
50902563
50902687
52979018
52979120
52979238
52979455
53616668
53616956
53617049
55374014
55374260
55374512
55374556
56250847
60140085
60140361
60140476
60140625
61999259
61999301
61999465
61999645
62169878
63739960
63740218
64218673
64219205
64219340
64281431
64281461
64281796
65833457
67512572
67512870
73878434
